1110 00 1 1101 0 0000 0000 000000000000
1110 00 1 1101 0 0000 0001 000000000000
1110 00 0 0100 0 0000 0000 000000000001
1110 00 1 0100 0 0001 0001 000000000001
1110 00 1 1010 1 0001 0000 000000000101
0001 10 1 0111 1 1111 1111 111111111011
0000 00 00 000000000000000000000000



1110 00 1 1101 0 0000 0000 000000001010
1110 00 1 1101 0 0000 0001 000000000101
1110 01 011000 0000 0001 000000000000
1110 00 1 0100 0 0001 0001 000000000010
1110 01 011000 0000 0001 000000000100
1110 01 011001 0000 0010 000000000000
1110 01 011001 0000 0011 000000000100
1110 00 0 0010 0 0011 0100 000000000010